mipro,ollama_chat/llama3.3,chainofthought,heavy,True
mipro,ollama_chat/llama3.3,,light,True